{
  "camera_model": "OPENCV",
  "fl_x": 512.0,
  "fl_y": 384.0,
  "cx": 320.0,
  "cy": 240.0,
  "w": 640,
  "h": 480,
  "k1": 0.0,
  "k2": 0.0,
  "p1": 0.0,
  "p2": 0.0,
  "frames": [
    {
      "file_path": "images/image_0000.jpg",
      "transform_matrix": [
        [
          1.0,
          0.0,
          0.0,
          0.0
        ],
        [
          0.0,
          -1.0,
          0.0,
          0.0
        ],
        [
          0.0,
          0.0,
          -1.0,
          0.0
        ],
        [
          0.0,
          0.0,
          0.0,
          1.0
        ]
      ]
    },
    {
      "file_path": "images/image_0001.jpg",
      "transform_matrix": [
        [
          0.9950041964349589,
          0.0,
          0.09983310611626814,
          5.07448
        ],
        [
          0.0,
          -1.0000000000000002,
          0.0,
          0.0
        ],
        [
          0.09983310611626814,
          0.0,
          -0.9950041964349589,
          -0.509146
        ],
        [
          0.0,
          0.0,
          0.0,
          1.0
        ]
      ]
    },
    {
      "file_path": "images/image_0002.jpg",
      "transform_matrix": [
        [
          0.9800667360076015,
          0.0,
          0.1986685505343163,
          5.09602
        ],
        [
          0.0,
          -0.9999999999999999,
          0.0,
          0.0
        ],
        [
          0.1986685505343163,
          0.0,
          -0.9800667360076015,
          -1.033014
        ],
        [
          0.0,
          0.0,
          0.0,
          1.0
        ]
      ]
    },
    {
      "file_path": "images/image_0003.jpg",
      "transform_matrix": [
        [
          0.9553365596600217,
          0.0,
          0.29551997864265267,
          5.06221
        ],
        [
          0.0,
          -1.0,
          0.0,
          0.0
        ],
        [
          0.29551997864265267,
          0.0,
          -0.9553365596600217,
          -1.565925
        ],
        [
          0.0,
          0.0,
          0.0,
          1.0
        ]
      ]
    },
    {
      "file_path": "images/image_0004.jpg",
      "transform_matrix": [
        [
          0.9210613118232739,
          0.0,
          0.3894175905918861,
          4.971278
        ],
        [
          0.0,
          -0.9999999999999999,
          0.0,
          0.0
        ],
        [
          0.3894175905918861,
          0.0,
          -0.9210613118232739,
          -2.101823
        ],
        [
          0.0,
          0.0,
          0.0,
          1.0
        ]
      ]
    },
    {
      "file_path": "images/image_0005.jpg",
      "transform_matrix": [
        [
          0.8775824239962952,
          0.0,
          0.47942579101753247,
          4.822147
        ],
        [
          0.0,
          -0.9999999999999999,
          0.0,
          0.0
        ],
        [
          0.47942579101753247,
          0.0,
          -0.8775824239962952,
          -2.634351
        ],
        [
          0.0,
          0.0,
          0.0,
          1.0
        ]
      ]
    },
    {
      "file_path": "images/image_0006.jpg",
      "transform_matrix": [
        [
          0.8253360083576344,
          0.0,
          0.5646418982933229,
          4.614485
        ],
        [
          0.0,
          -1.0000000000000002,
          0.0,
          0.0
        ],
        [
          0.5646418982933229,
          0.0,
          -0.8253360083576344,
          -3.156939
        ],
        [
          0.0,
          0.0,
          0.0,
          1.0
        ]
      ]
    },
    {
      "file_path": "images/image_0007.jpg",
      "transform_matrix": [
        [
          0.7648420811083025,
          0.0,
          0.644217813294479,
          4.348737
        ],
        [
          0.0,
          -0.9999999999999998,
          0.0,
          0.0
        ],
        [
          0.644217813294479,
          0.0,
          -0.7648420811083025,
          -3.66289
        ],
        [
          0.0,
          0.0,
          0.0,
          1.0
        ]
      ]
    },
    {
      "file_path": "images/image_0008.jpg",
      "transform_matrix": [
        [
          0.6967071650439995,
          0.0,
          0.7173556483198227,
          4.026155
        ],
        [
          0.0,
          -1.0,
          0.0,
          0.0
        ],
        [
          0.7173556483198227,
          0.0,
          -0.6967071650439995,
          -4.145483
        ],
        [
          0.0,
          0.0,
          0.0,
          1.0
        ]
      ]
    },
    {
      "file_path": "images/image_0009.jpg",
      "transform_matrix": [
        [
          0.6216092412991138,
          0.0,
          0.7833274865160418,
          3.648808
        ],
        [
          0.0,
          -0.9999999999999997,
          0.0,
          0.0
        ],
        [
          0.7833274865160418,
          0.0,
          -0.6216092412991138,
          -4.598075
        ],
        [
          0.0,
          0.0,
          0.0,
          1.0
        ]
      ]
    },
    {
      "file_path": "images/image_0010.jpg",
      "transform_matrix": [
        [
          0.5403019779100946,
          0.0,
          0.8414711953872456,
          3.219581
        ],
        [
          0.0,
          -1.0000000000000002,
          0.0,
          0.0
        ],
        [
          0.8414711953872456,
          0.0,
          -0.5403019779100946,
          -5.0142
        ],
        [
          0.0,
          0.0,
          0.0,
          1.0
        ]
      ]
    },
    {
      "file_path": "images/image_0011.jpg",
      "transform_matrix": [
        [
          0.4535969145683376,
          0.0,
          0.8912069563766234,
          2.742158
        ],
        [
          0.0,
          -1.0000000000000002,
          0.0,
          0.0
        ],
        [
          0.8912069563766234,
          0.0,
          -0.4535969145683376,
          -5.387682
        ],
        [
          0.0,
          0.0,
          0.0,
          1.0
        ]
      ]
    },
    {
      "file_path": "images/image_0012.jpg",
      "transform_matrix": [
        [
          0.3623588881120107,
          0.0,
          0.9320386452321746,
          2.220994
        ],
        [
          0.0,
          -1.0,
          0.0,
          0.0
        ],
        [
          0.9320386452321746,
          0.0,
          -0.3623588881120107,
          -5.712733
        ],
        [
          0.0,
          0.0,
          0.0,
          1.0
        ]
      ]
    },
    {
      "file_path": "images/image_0013.jpg",
      "transform_matrix": [
        [
          0.26749968602803653,
          0.0,
          0.9635579473881692,
          1.661267
        ],
        [
          0.0,
          -1.0,
          0.0,
          0.0
        ],
        [
          0.9635579473881692,
          0.0,
          -0.26749968602803653,
          -5.984056
        ],
        [
          0.0,
          0.0,
          0.0,
          1.0
        ]
      ]
    },
    {
      "file_path": "images/image_0014.jpg",
      "transform_matrix": [
        [
          0.1699664336409502,
          0.0,
          0.9854498523189177,
          1.068828
        ],
        [
          0.0,
          -1.0,
          0.0,
          0.0
        ],
        [
          0.9854498523189177,
          0.0,
          -0.1699664336409502,
          -6.196937
        ],
        [
          0.0,
          0.0,
          0.0,
          1.0
        ]
      ]
    },
    {
      "file_path": "images/image_0015.jpg",
      "transform_matrix": [
        [
          0.07073702968451068,
          0.0,
          0.9974949988002011,
          0.45012
        ],
        [
          0.0,
          -1.0000000000000002,
          0.0,
          0.0
        ],
        [
          0.9974949988002011,
          0.0,
          -0.07073702968451068,
          -6.347337
        ],
        [
          0.0,
          0.0,
          0.0,
          1.0
        ]
      ]
    },
    {
      "file_path": "images/image_0016.jpg",
      "transform_matrix": [
        [
          -0.029198978869398318,
          0.0,
          0.9995736189160777,
          -0.187891
        ],
        [
          -0.0,
          -0.9999999999999998,
          0.0,
          0.0
        ],
        [
          0.9995736189160777,
          0.0,
          0.029198978869398318,
          -6.431969
        ],
        [
          0.0,
          0.0,
          0.0,
          1.0
        ]
      ]
    },
    {
      "file_path": "images/image_0017.jpg",
      "transform_matrix": [
        [
          -0.12884418135525982,
          0.0,
          0.9916648511119535,
          -0.837819
        ],
        [
          -0.0,
          -1.0,
          0.0,
          0.0
        ],
        [
          0.9916648511119535,
          0.0,
          0.12884418135525982,
          -6.44836
        ],
        [
          0.0,
          0.0,
          0.0,
          1.0
        ]
      ]
    },
    {
      "file_path": "images/image_0018.jpg",
      "transform_matrix": [
        [
          -0.22720215569882085,
          0.0,
          0.9738476166453398,
          -1.491958
        ],
        [
          -0.0,
          -1.0,
          0.0,
          0.0
        ],
        [
          0.9738476166453398,
          0.0,
          0.22720215569882085,
          -6.39492
        ],
        [
          0.0,
          0.0,
          0.0,
          1.0
        ]
      ]
    },
    {
      "file_path": "images/image_0019.jpg",
      "transform_matrix": [
        [
          -0.3232891488709234,
          0.0,
          0.9463002304883551,
          -2.142385
        ],
        [
          -0.0,
          -1.0,
          0.0,
          0.0
        ],
        [
          0.9463002304883551,
          0.0,
          0.3232891488709234,
          -6.270971
        ],
        [
          0.0,
          0.0,
          0.0,
          1.0
        ]
      ]
    },
    {
      "file_path": "images/image_0020.jpg",
      "transform_matrix": [
        [
          -0.41614731954320583,
          0.0,
          0.9092972057787295,
          -2.781085
        ],
        [
          -0.0,
          -1.0,
          0.0,
          0.0
        ],
        [
          0.9092972057787295,
          0.0,
          0.41614731954320583,
          -6.076782
        ],
        [
          0.0,
          0.0,
          0.0,
          1.0
        ]
      ]
    },
    {
      "file_path": "images/image_0021.jpg",
      "transform_matrix": [
        [
          -0.5048459825305318,
          0.0,
          0.8632094380408396,
          -3.400062
        ],
        [
          -0.0,
          -1.0,
          0.0,
          0.0
        ],
        [
          0.8632094380408396,
          0.0,
          0.5048459825305318,
          -5.813582
        ],
        [
          0.0,
          0.0,
          0.0,
          1.0
        ]
      ]
    },
    {
      "file_path": "images/image_0022.jpg",
      "transform_matrix": [
        [
          -0.5885010281475206,
          0.0,
          0.8084964686807923,
          -3.991459
        ],
        [
          -0.0,
          -1.0,
          0.0,
          0.0
        ],
        [
          0.8084964686807923,
          0.0,
          0.5885010281475206,
          -5.483558
        ],
        [
          0.0,
          0.0,
          0.0,
          1.0
        ]
      ]
    },
    {
      "file_path": "images/image_0023.jpg",
      "transform_matrix": [
        [
          -0.6662766578523884,
          0.0,
          0.7457046434085356,
          -4.547686
        ],
        [
          -0.0,
          -1.0,
          0.0,
          0.0
        ],
        [
          0.7457046434085356,
          0.0,
          0.6662766578523884,
          -5.089832
        ],
        [
          0.0,
          0.0,
          0.0,
          1.0
        ]
      ]
    },
    {
      "file_path": "images/image_0024.jpg",
      "transform_matrix": [
        [
          -0.7373933643161984,
          0.0,
          0.675463563978427,
          -5.061529
        ],
        [
          -0.0,
          -1.0,
          0.0,
          0.0
        ],
        [
          0.675463563978427,
          0.0,
          0.7373933643161984,
          -4.636432
        ],
        [
          0.0,
          0.0,
          0.0,
          1.0
        ]
      ]
    },
    {
      "file_path": "images/image_0025.jpg",
      "transform_matrix": [
        [
          -0.8011437934259548,
          0.0,
          0.5984719059864643,
          -5.526264
        ],
        [
          -0.0,
          -1.0,
          0.0,
          0.0
        ],
        [
          0.5984719059864643,
          0.0,
          0.8011437934259548,
          -4.128242
        ],
        [
          0.0,
          0.0,
          0.0,
          1.0
        ]
      ]
    },
    {
      "file_path": "images/image_0026.jpg",
      "transform_matrix": [
        [
          -0.8568885319825852,
          0.0,
          0.5155017398193046,
          -5.935769
        ],
        [
          -0.0,
          -1.0,
          0.0,
          0.0
        ],
        [
          0.5155017398193046,
          0.0,
          0.8568885319825852,
          -3.570937
        ],
        [
          0.0,
          0.0,
          0.0,
          1.0
        ]
      ]
    },
    {
      "file_path": "images/image_0027.jpg",
      "transform_matrix": [
        [
          -0.9040718140649917,
          0.0,
          0.4273805739773805,
          -6.284609
        ],
        [
          -0.0,
          -1.0,
          0.0,
          0.0
        ],
        [
          0.4273805739773805,
          0.0,
          0.9040718140649917,
          -2.970908
        ],
        [
          0.0,
          0.0,
          0.0,
          1.0
        ]
      ]
    },
    {
      "file_path": "images/image_0028.jpg",
      "transform_matrix": [
        [
          -0.94222246576258,
          0.0,
          0.3349877983035856,
          -6.568137
        ],
        [
          -0.0,
          -1.0,
          0.0,
          0.0
        ],
        [
          0.3349877983035856,
          0.0,
          0.94222246576258,
          -2.335169
        ],
        [
          0.0,
          0.0,
          0.0,
          1.0
        ]
      ]
    },
    {
      "file_path": "images/image_0029.jpg",
      "transform_matrix": [
        [
          -0.9709580561130399,
          0.0,
          0.2392497717223303,
          -6.782557
        ],
        [
          -0.0,
          -1.0000000000000002,
          0.0,
          0.0
        ],
        [
          0.2392497717223303,
          0.0,
          0.9709580561130399,
          -1.671258
        ],
        [
          0.0,
          0.0,
          0.0,
          1.0
        ]
      ]
    },
    {
      "file_path": "images/image_0030.jpg",
      "transform_matrix": [
        [
          -0.9899925536439267,
          0.0,
          0.14111960788486203,
          -6.924987
        ],
        [
          -0.0,
          -1.0000000000000002,
          0.0,
          0.0
        ],
        [
          0.14111960788486203,
          0.0,
          0.9899925536439267,
          -0.987133
        ],
        [
          0.0,
          0.0,
          0.0,
          1.0
        ]
      ]
    },
    {
      "file_path": "images/image_0031.jpg",
      "transform_matrix": [
        [
          -0.9991351156113866,
          0.0,
          0.04158149531006948,
          -6.993514
        ],
        [
          -0.0,
          -1.0,
          0.0,
          0.0
        ],
        [
          0.04158149531006948,
          0.0,
          0.9991351156113866,
          -0.291046
        ],
        [
          0.0,
          0.0,
          0.0,
          1.0
        ]
      ]
    },
    {
      "file_path": "images/image_0032.jpg",
      "transform_matrix": [
        [
          -0.9982947179917387,
          0.0,
          -0.058375131946700014,
          -6.987212
        ],
        [
          0.0,
          -1.0,
          0.0,
          -0.0
        ],
        [
          -0.058375131946700014,
          0.0,
          0.9982947179917387,
          0.40857
        ],
        [
          0.0,
          0.0,
          0.0,
          1.0
        ]
      ]
    },
    {
      "file_path": "images/image_0033.jpg",
      "transform_matrix": [
        [
          -0.987479759190025,
          0.0,
          -0.1577457612426083,
          -6.906167
        ],
        [
          0.0,
          -0.9999999999999999,
          0.0,
          -0.0
        ],
        [
          -0.1577457612426083,
          0.0,
          0.987479759190025,
          1.10323
        ],
        [
          0.0,
          0.0,
          0.0,
          1.0
        ]
      ]
    },
    {
      "file_path": "images/image_0034.jpg",
      "transform_matrix": [
        [
          -0.9667984555806091,
          0.0,
          -0.2555401070026954,
          -6.751471
        ],
        [
          0.0,
          -1.0,
          0.0,
          -0.0
        ],
        [
          -0.2555401070026954,
          0.0,
          0.9667984555806091,
          1.784528
        ],
        [
          0.0,
          0.0,
          0.0,
          1.0
        ]
      ]
    },
    {
      "file_path": "images/image_0035.jpg",
      "transform_matrix": [
        [
          -0.9364567323508772,
          0.0,
          -0.35078310739646135,
          -6.525204
        ],
        [
          0.0,
          -1.0,
          0.0,
          -0.0
        ],
        [
          -0.35078310739646135,
          0.0,
          0.9364567323508772,
          2.444248
        ],
        [
          0.0,
          0.0,
          0.0,
          1.0
        ]
      ]
    },
    {
      "file_path": "images/image_0036.jpg",
      "transform_matrix": [
        [
          -0.8967585721737072,
          0.0,
          -0.44252012748910574,
          -6.230404
        ],
        [
          0.0,
          -1.0000000000000002,
          0.0,
          -0.0
        ],
        [
          -0.44252012748910574,
          0.0,
          0.8967585721737072,
          3.074498
        ],
        [
          0.0,
          0.0,
          0.0,
          1.0
        ]
      ]
    },
    {
      "file_path": "images/image_0037.jpg",
      "transform_matrix": [
        [
          -0.8481002238589453,
          0.0,
          -0.5298358333393532,
          -5.871015
        ],
        [
          0.0,
          -1.0,
          0.0,
          -0.0
        ],
        [
          -0.5298358333393532,
          0.0,
          0.8481002238589453,
          3.667818
        ],
        [
          0.0,
          0.0,
          0.0,
          1.0
        ]
      ]
    },
    {
      "file_path": "images/image_0038.jpg",
      "transform_matrix": [
        [
          -0.7909671756506452,
          0.0,
          -0.6118585841869355,
          -5.451825
        ],
        [
          0.0,
          -0.9999999999999999,
          0.0,
          -0.0
        ],
        [
          -0.6118585841869355,
          0.0,
          0.7909671756506452,
          4.217291
        ],
        [
          0.0,
          0.0,
          0.0,
          1.0
        ]
      ]
    },
    {
      "file_path": "images/image_0039.jpg",
      "transform_matrix": [
        [
          -0.7259322338172576,
          0.0,
          -0.6877662334725997,
          -4.978384
        ],
        [
          0.0,
          -1.0,
          0.0,
          -0.0
        ],
        [
          -0.6877662334725997,
          0.0,
          0.7259322338172576,
          4.716645
        ],
        [
          0.0,
          0.0,
          0.0,
          1.0
        ]
      ]
    },
    {
      "file_path": "images/image_0040.jpg",
      "transform_matrix": [
        [
          -0.6536431270505645,
          0.0,
          -0.7568029218096081,
          -4.456931
        ],
        [
          0.0,
          -1.0,
          0.0,
          -0.0
        ],
        [
          -0.7568029218096081,
          0.0,
          0.6536431270505645,
          5.16033
        ],
        [
          0.0,
          0.0,
          0.0,
          1.0
        ]
      ]
    },
    {
      "file_path": "images/image_0041.jpg",
      "transform_matrix": [
        [
          -0.5748232201851824,
          0.0,
          -0.8182776213095023,
          -3.894275
        ],
        [
          0.0,
          -1.0,
          0.0,
          -0.0
        ],
        [
          -0.8182776213095023,
          0.0,
          0.5748232201851824,
          5.543602
        ],
        [
          0.0,
          0.0,
          0.0,
          1.0
        ]
      ]
    },
    {
      "file_path": "images/image_0042.jpg",
      "transform_matrix": [
        [
          -0.49026065607299135,
          0.0,
          -0.871575865376549,
          -3.297698
        ],
        [
          0.0,
          -1.0,
          0.0,
          -0.0
        ],
        [
          -0.871575865376549,
          0.0,
          0.49026065607299135,
          5.862584
        ],
        [
          0.0,
          0.0,
          0.0,
          1.0
        ]
      ]
    },
    {
      "file_path": "images/image_0043.jpg",
      "transform_matrix": [
        [
          -0.4007988689187181,
          0.0,
          -0.9161660693746936,
          -2.674851
        ],
        [
          0.0,
          -0.9999999999999998,
          0.0,
          -0.0
        ],
        [
          -0.9161660693746936,
          0.0,
          0.4007988689187181,
          6.114306
        ],
        [
          0.0,
          0.0,
          0.0,
          1.0
        ]
      ]
    },
    {
      "file_path": "images/image_0044.jpg",
      "transform_matrix": [
        [
          -0.30733259810986036,
          0.0,
          -0.9516021616931327,
          -2.033619
        ],
        [
          0.0,
          -1.0,
          0.0,
          -0.0
        ],
        [
          -0.9516021616931327,
          0.0,
          0.30733259810986036,
          6.296744
        ],
        [
          0.0,
          0.0,
          0.0,
          1.0
        ]
      ]
    },
    {
      "file_path": "images/image_0045.jpg",
      "transform_matrix": [
        [
          -0.21079498372270672,
          0.0,
          -0.9775302935650352,
          -1.382008
        ],
        [
          0.0,
          -1.0,
          0.0,
          -0.0
        ],
        [
          -0.9775302935650352,
          0.0,
          0.21079498372270672,
          6.408831
        ],
        [
          0.0,
          0.0,
          0.0,
          1.0
        ]
      ]
    },
    {
      "file_path": "images/image_0046.jpg",
      "transform_matrix": [
        [
          -0.11215227751899304,
          0.0,
          -0.993691031783674,
          -0.728029
        ],
        [
          0.0,
          -0.9999999999999999,
          0.0,
          -0.0
        ],
        [
          -0.993691031783674,
          0.0,
          0.11215227751899304,
          6.450456
        ],
        [
          0.0,
          0.0,
          0.0,
          1.0
        ]
      ]
    },
    {
      "file_path": "images/image_0047.jpg",
      "transform_matrix": [
        [
          -0.012388276915634933,
          0.0,
          -0.9999232623531975,
          -0.07957
        ],
        [
          0.0,
          -1.0,
          0.0,
          -0.0
        ],
        [
          -0.9999232623531975,
          0.0,
          0.012388276915634933,
          6.422454
        ],
        [
          0.0,
          0.0,
          0.0,
          1.0
        ]
      ]
    },
    {
      "file_path": "images/image_0048.jpg",
      "transform_matrix": [
        [
          0.0874996315016272,
          0.0,
          -0.996164551912524,
          0.555701
        ],
        [
          0.0,
          -1.0,
          0.0,
          0.0
        ],
        [
          -0.996164551912524,
          0.0,
          -0.0874996315016272,
          6.326568
        ],
        [
          0.0,
          0.0,
          0.0,
          1.0
        ]
      ]
    },
    {
      "file_path": "images/image_0049.jpg",
      "transform_matrix": [
        [
          0.18651160026484342,
          0.0,
          -0.9824527586437157,
          1.170465
        ],
        [
          0.0,
          -1.0,
          0.0,
          0.0
        ],
        [
          -0.9824527586437157,
          0.0,
          -0.18651160026484342,
          6.16541
        ],
        [
          0.0,
          0.0,
          0.0,
          1.0
        ]
      ]
    },
    {
      "file_path": "images/image_0050.jpg",
      "transform_matrix": [
        [
          0.2836628481418537,
          0.0,
          -0.9589240786339929,
          1.757839
        ],
        [
          0.0,
          -1.0000000000000002,
          0.0,
          0.0
        ],
        [
          -0.9589240786339929,
          0.0,
          -0.2836628481418537,
          5.9424
        ],
        [
          0.0,
          0.0,
          0.0,
          1.0
        ]
      ]
    },
    {
      "file_path": "images/image_0051.jpg",
      "transform_matrix": [
        [
          0.37797778828432305,
          0.0,
          -0.9258146637225462,
          2.311472
        ],
        [
          0.0,
          -0.9999999999999999,
          0.0,
          0.0
        ],
        [
          -0.9258146637225462,
          0.0,
          -0.37797778828432305,
          5.661697
        ],
        [
          0.0,
          0.0,
          0.0,
          1.0
        ]
      ]
    },
    {
      "file_path": "images/image_0052.jpg",
      "transform_matrix": [
        [
          0.4685174588969565,
          0.0,
          -0.8834542380388122,
          2.825627
        ],
        [
          0.0,
          -0.9999999999999998,
          0.0,
          0.0
        ],
        [
          -0.8834542380388122,
          0.0,
          -0.4685174588969565,
          5.328116
        ],
        [
          0.0,
          0.0,
          0.0,
          1.0
        ]
      ]
    },
    {
      "file_path": "images/image_0053.jpg",
      "transform_matrix": [
        [
          0.5543749765774247,
          0.0,
          -0.8322670156534977,
          3.295236
        ],
        [
          0.0,
          -0.9999999999999999,
          0.0,
          0.0
        ],
        [
          -0.8322670156534977,
          0.0,
          -0.5543749765774247,
          4.947048
        ],
        [
          0.0,
          0.0,
          0.0,
          1.0
        ]
      ]
    },
    {
      "file_path": "images/image_0054.jpg",
      "transform_matrix": [
        [
          0.6346926147906948,
          0.0,
          -0.7727647020472341,
          3.715975
        ],
        [
          0.0,
          -1.0,
          0.0,
          0.0
        ],
        [
          -0.7727647020472341,
          0.0,
          -0.6346926147906948,
          4.52435
        ],
        [
          0.0,
          0.0,
          0.0,
          1.0
        ]
      ]
    },
    {
      "file_path": "images/image_0055.jpg",
      "transform_matrix": [
        [
          0.708669560011091,
          0.0,
          -0.7055405408009428,
          4.084292
        ],
        [
          0.0,
          -1.0,
          0.0,
          0.0
        ],
        [
          -0.7055405408009428,
          0.0,
          -0.708669560011091,
          4.066256
        ],
        [
          0.0,
          0.0,
          0.0,
          1.0
        ]
      ]
    },
    {
      "file_path": "images/image_0056.jpg",
      "transform_matrix": [
        [
          0.7755659130535312,
          0.0,
          -0.6312665954328983,
          4.397439
        ],
        [
          0.0,
          -0.9999999999999999,
          0.0,
          0.0
        ],
        [
          -0.6312665954328983,
          0.0,
          -0.7755659130535312,
          3.579267
        ],
        [
          0.0,
          0.0,
          0.0,
          1.0
        ]
      ]
    },
    {
      "file_path": "images/image_0057.jpg",
      "transform_matrix": [
        [
          0.8347127226449806,
          0.0,
          -0.5506856368697151,
          4.653488
        ],
        [
          0.0,
          -1.0,
          0.0,
          0.0
        ],
        [
          -0.5506856368697151,
          0.0,
          -0.8347127226449806,
          3.070046
        ],
        [
          0.0,
          0.0,
          0.0,
          1.0
        ]
      ]
    },
    {
      "file_path": "images/image_0058.jpg",
      "transform_matrix": [
        [
          0.8855197772495509,
          0.0,
          -0.46460168327278606,
          4.851318
        ],
        [
          0.0,
          -1.0000000000000002,
          0.0,
          0.0
        ],
        [
          -0.46460168327278606,
          0.0,
          -0.8855197772495509,
          2.545321
        ],
        [
          0.0,
          0.0,
          0.0,
          1.0
        ]
      ]
    },
    {
      "file_path": "images/image_0059.jpg",
      "transform_matrix": [
        [
          0.9274781429768665,
          0.0,
          -0.3738773786954533,
          4.990618
        ],
        [
          0.0,
          -1.0,
          0.0,
          0.0
        ],
        [
          -0.3738773786954533,
          0.0,
          -0.9274781429768665,
          2.011772
        ],
        [
          0.0,
          0.0,
          0.0,
          1.0
        ]
      ]
    },
    {
      "file_path": "images/image_0060.jpg",
      "transform_matrix": [
        [
          0.9601702519463493,
          0.0,
          -0.27941561745414994,
          5.07185
        ],
        [
          0.0,
          -1.0,
          0.0,
          0.0
        ],
        [
          -0.27941561745414994,
          0.0,
          -0.9601702519463493,
          1.47594
        ],
        [
          0.0,
          0.0,
          0.0,
          1.0
        ]
      ]
    },
    {
      "file_path": "images/image_0061.jpg",
      "transform_matrix": [
        [
          0.9832682978303702,
          0.0,
          -0.18216326326064344,
          5.096211
        ],
        [
          0.0,
          -1.0,
          0.0,
          0.0
        ],
        [
          -0.18216326326064344,
          0.0,
          -0.9832682978303702,
          0.944136
        ],
        [
          0.0,
          0.0,
          0.0,
          1.0
        ]
      ]
    },
    {
      "file_path": "images/image_0062.jpg",
      "transform_matrix": [
        [
          0.9965420399366948,
          0.0,
          -0.08309008748828506,
          5.065584
        ],
        [
          0.0,
          -0.9999999999999999,
          0.0,
          0.0
        ],
        [
          -0.08309008748828506,
          0.0,
          -0.9965420399366948,
          0.422355
        ],
        [
          0.0,
          0.0,
          0.0,
          1.0
        ]
      ]
    },
    {
      "file_path": "images/image_0063.jpg",
      "transform_matrix": [
        [
          0.9998586447979625,
          0.0,
          0.016813400095819827,
          4.982481
        ],
        [
          0.0,
          -1.0000000000000002,
          0.0,
          0.0
        ],
        [
          0.016813400095819827,
          0.0,
          -0.9998586447979625,
          -0.083788
        ],
        [
          0.0,
          0.0,
          0.0,
          1.0
        ]
      ]
    },
    {
      "file_path": "images/image_0064.jpg",
      "transform_matrix": [
        [
          0.9931849551846098,
          0.0,
          0.11654889443896485,
          4.849972
        ],
        [
          0.0,
          -1.0000000000000002,
          0.0,
          0.0
        ],
        [
          0.11654889443896485,
          0.0,
          -0.9931849551846098,
          -0.56914
        ],
        [
          0.0,
          0.0,
          0.0,
          1.0
        ]
      ]
    },
    {
      "file_path": "images/image_0065.jpg",
      "transform_matrix": [
        [
          0.9765876983468093,
          0.0,
          0.215119658417544,
          4.671614
        ],
        [
          0.0,
          -0.9999999999999997,
          0.0,
          0.0
        ],
        [
          0.215119658417544,
          0.0,
          -0.9765876983468093,
          -1.02905
        ],
        [
          0.0,
          0.0,
          0.0,
          1.0
        ]
      ]
    },
    {
      "file_path": "images/image_0066.jpg",
      "transform_matrix": [
        [
          0.9502324263857528,
          0.0,
          0.3115418685266,
          4.451373
        ],
        [
          0.0,
          -1.0000000000000002,
          0.0,
          0.0
        ],
        [
          0.3115418685266,
          0.0,
          -0.9502324263857528,
          -1.459418
        ],
        [
          0.0,
          0.0,
          0.0,
          1.0
        ]
      ]
    },
    {
      "file_path": "images/image_0067.jpg",
      "transform_matrix": [
        [
          0.9143831796422447,
          0.0,
          0.40484984968175347,
          4.19354
        ],
        [
          0.0,
          -0.9999999999999999,
          0.0,
          0.0
        ],
        [
          0.40484984968175347,
          0.0,
          -0.9143831796422447,
          -1.856722
        ],
        [
          0.0,
          0.0,
          0.0,
          1.0
        ]
      ]
    },
    {
      "file_path": "images/image_0068.jpg",
      "transform_matrix": [
        [
          0.8693975391952963,
          0.0,
          0.4941132651944928,
          3.902653
        ],
        [
          0.0,
          -0.9999999999999999,
          0.0,
          0.0
        ],
        [
          0.4941132651944928,
          0.0,
          -0.8693975391952963,
          -2.218035
        ],
        [
          0.0,
          0.0,
          0.0,
          1.0
        ]
      ]
    },
    {
      "file_path": "images/image_0069.jpg",
      "transform_matrix": [
        [
          0.8157244876282282,
          0.0,
          0.5784406281405762,
          3.583412
        ],
        [
          0.0,
          -0.9999999999999999,
          0.0,
          0.0
        ],
        [
          0.5784406281405762,
          0.0,
          -0.8157244876282282,
          -2.541038
        ],
        [
          0.0,
          0.0,
          0.0,
          1.0
        ]
      ]
    },
    {
      "file_path": "images/image_0070.jpg",
      "transform_matrix": [
        [
          0.7539026786442007,
          0.0,
          0.6569861118266495,
          3.240599
        ],
        [
          0.0,
          -0.9999999999999998,
          0.0,
          0.0
        ],
        [
          0.6569861118266495,
          0.0,
          -0.7539026786442007,
          -2.824013
        ],
        [
          0.0,
          0.0,
          0.0,
          1.0
        ]
      ]
    },
    {
      "file_path": "images/image_0071.jpg",
      "transform_matrix": [
        [
          0.6845471763300883,
          0.0,
          0.7289685613100902,
          2.879001
        ],
        [
          0.0,
          -1.0,
          0.0,
          0.0
        ],
        [
          0.7289685613100902,
          0.0,
          -0.6845471763300883,
          -3.065828
        ],
        [
          0.0,
          0.0,
          0.0,
          1.0
        ]
      ]
    },
    {
      "file_path": "images/image_0072.jpg",
      "transform_matrix": [
        [
          0.6083502296409168,
          0.0,
          0.7936686954238803,
          2.50334
        ],
        [
          0.0,
          -1.0000000000000002,
          0.0,
          0.0
        ],
        [
          0.7936686954238803,
          0.0,
          -0.6083502296409168,
          -3.265911
        ],
        [
          0.0,
          0.0,
          0.0,
          1.0
        ]
      ]
    },
    {
      "file_path": "images/image_0073.jpg",
      "transform_matrix": [
        [
          0.5260770800857959,
          0.0,
          0.850436891137963,
          2.118212
        ],
        [
          0.0,
          -1.0000000000000002,
          0.0,
          0.0
        ],
        [
          0.850436891137963,
          0.0,
          -0.5260770800857959,
          -3.424221
        ],
        [
          0.0,
          0.0,
          0.0,
          1.0
        ]
      ]
    },
    {
      "file_path": "images/image_0074.jpg",
      "transform_matrix": [
        [
          0.438547512174754,
          0.0,
          0.8987080057311907,
          1.72802
        ],
        [
          0.0,
          -1.0,
          0.0,
          0.0
        ],
        [
          0.8987080057311907,
          0.0,
          -0.438547512174754,
          -3.541205
        ],
        [
          0.0,
          0.0,
          0.0,
          1.0
        ]
      ]
    },
    {
      "file_path": "images/image_0075.jpg",
      "transform_matrix": [
        [
          0.3466354253402692,
          0.0,
          0.9379999370464641,
          1.33693
        ],
        [
          0.0,
          -1.0,
          0.0,
          0.0
        ],
        [
          0.9379999370464641,
          0.0,
          -0.3466354253402692,
          -3.617751
        ],
        [
          0.0,
          0.0,
          0.0,
          1.0
        ]
      ]
    },
    {
      "file_path": "images/image_0076.jpg",
      "transform_matrix": [
        [
          0.2512600168206131,
          0.0,
          0.9679196268013706,
          0.948829
        ],
        [
          0.0,
          -0.9999999999999996,
          0.0,
          0.0
        ],
        [
          0.9679196268013706,
          0.0,
          -0.2512600168206131,
          -3.65514
        ],
        [
          0.0,
          0.0,
          0.0,
          1.0
        ]
      ]
    },
    {
      "file_path": "images/image_0077.jpg",
      "transform_matrix": [
        [
          0.1533739917069169,
          0.0,
          0.9881682137510227,
          0.56729
        ],
        [
          0.0,
          -1.0,
          0.0,
          0.0
        ],
        [
          0.9881682137510227,
          0.0,
          -0.1533739917069169,
          -3.654987
        ],
        [
          0.0,
          0.0,
          0.0,
          1.0
        ]
      ]
    },
    {
      "file_path": "images/image_0078.jpg",
      "transform_matrix": [
        [
          0.053955233511906286,
          0.0,
          0.9985433554817115,
          0.195559
        ],
        [
          0.0,
          -1.0,
          0.0,
          0.0
        ],
        [
          0.9985433554817115,
          0.0,
          -0.053955233511906286,
          -3.619188
        ],
        [
          0.0,
          0.0,
          0.0,
          1.0
        ]
      ]
    },
    {
      "file_path": "images/image_0079.jpg",
      "transform_matrix": [
        [
          -0.04600209393498522,
          0.0,
          0.9989413432997939,
          -0.163475
        ],
        [
          -0.0,
          -1.0,
          0.0,
          0.0
        ],
        [
          0.9989413432997939,
          0.0,
          0.04600209393498522,
          -3.549862
        ],
        [
          0.0,
          0.0,
          0.0,
          1.0
        ]
      ]
    },
    {
      "file_path": "images/image_0080.jpg",
      "transform_matrix": [
        [
          -0.1454988254334315,
          0.0,
          0.9893584243324013,
          -0.507271
        ],
        [
          -0.0,
          -1.0,
          0.0,
          0.0
        ],
        [
          0.9893584243324013,
          0.0,
          0.1454988254334315,
          -3.449294
        ],
        [
          0.0,
          0.0,
